Vertex Count:18

Data:

1.2224 0 -13.15110 1 0 -1 -0
-30.5238 0 -13.1511 1 1 0 -1 -0
-30.5238 0 24.2143 1 0 0 -1 -0
1.2224 62.6109 -13.15111 1 0 1 -0
1.2224 62.6109 24.2143 1 0 0 1 -0
-30.5238 62.6109 24.2143 0 0 0 1 -0
1.2224 62.6109 24.21431 1 0 0 1
1.2224 0 24.2143 1 0 0 0 1
-30.5238 0 24.2143 0 0 0 0 1
1.2224 62.6109 -13.15111 1 1 0 -0
1.2224 0 -13.1511 1 0 1 0 -0
1.2224 0 24.2143 0 0 1 0 -0
-30.5238 62.6109 -13.15111 1 0 0 -1
-30.5238 0 -13.1511 1 0 0 0 -1
1.2224 0 -13.1511 0 0 0 0 -1
-30.5238 62.6109 24.21431 1 -1 0 -0
-30.5238 0 24.2143 1 0 -1 0 -0
-30.5238 0 -13.1511 0 0 -1 0 -0
